product1_Id,product2_Id,distance
2,2,0.0
2,28,198.67175
2,27,275.659
2,13,289.28738
2,14,356.30444
2,53,400.53967
2,50,425.333
2,46,442.29678
2,49,502.1927
2,42,504.38153
2,30,508.15558
2,39,521.888
2,31,533.64355
2,38,538.32855
2,45,557.7218
2,29,563.8561
2,47,569.6787
2,43,573.13806
2,79,583.7544
2,86,602.97046
2,76,617.078
2,83,632.9856
2,44,643.9337
2,23,745.8934
2,18,833.5244
2,15,873.30334
2,24,874.1985
2,48,882.08826
2,7,913.99524
2,4,913.99524
2,5,913.99524
2,6,913.99524
2,82,917.73047
2,54,951.25006
2,40,1003.6259
2,80,1025.7916
2,32,1184.6936
2,9,1236.7506
2,16,1430.0037
2,65,1444.6802
2,10,1465.2587
2,77,1507.0155
2,85,1663.3445
2,22,1673.016
2,11,1673.1888
2,20,1709.5442
2,68,1865.0532
2,21,2037.8585
2,17,2057.996
2,81,2133.5474
2,52,2914.0957
2,51,3055.8403
2,84,3630.8877
2,67,3750.192
2,75,3761.345
2,78,5156.106
2,3,5267.4893
2,25,7792.4277
3,3,0.0
3,9,2201.6406
3,24,4082.3997
3,30,4806.289
3,2,5267.4893
3,28,5389.865
3,39,5410.155
3,38,5612.9404
3,14,5873.4033
3,53,5963.5273
3,27,6262.382
3,13,6622.8335
3,50,6838.5273
3,31,6903.416
3,46,6942.8535
3,42,7036.749
3,86,7155.5776
3,47,7287.4395
3,79,7327.6406
3,76,7344.2456
3,44,7370.1567
3,83,7492.1157
3,45,7594.208
3,49,7619.43
3,43,7802.2275
3,29,7828.176
3,23,8234.282
3,15,8390.143
3,18,8697.97
3,5,8780.916
3,6,8780.916
3,4,8780.916
3,7,8780.916
3,54,8812.95
3,48,8818.89
3,80,8856.822
3,82,8861.982
3,40,9035.161
3,32,9323.453
3,65,9706.88
3,16,9772.879
3,77,10040.413
3,10,10118.625
3,20,10407.984
3,85,10465.521
3,22,10526.406
3,11,10620.422
3,68,10706.287
3,17,10866.727
3,21,11109.939
3,81,11210.876
3,52,12265.463
3,51,12341.177
3,84,13102.118
3,67,13292.273
3,75,13437.012
3,78,15088.713
3,25,17556.145
4,6,0.0
4,7,0.0
4,4,0.0
4,5,0.0
4,40,139.51942
4,18,143.27267
4,29,160.92908
4,82,175.31322
4,48,179.56506
4,43,193.36685
4,80,213.98273
4,23,223.84805
4,54,243.06589
4,49,254.87875
4,45,282.68216
4,86,308.0871
4,65,314.40714
4,83,321.7613
4,47,345.02844
4,79,351.1684
4,10,364.06604
4,46,371.08786
4,15,372.36853
4,44,384.1947
4,50,402.18997
4,22,412.89468
4,42,424.8061
4,76,441.05276
4,31,464.83728
4,77,494.55695
4,16,538.1109
4,85,540.3554
4,32,559.0705
4,14,576.1995
4,13,586.72217
4,11,628.37933
4,53,703.53143
4,27,711.57275
4,21,717.1448
4,20,718.0101
4,68,859.4064
4,28,889.7468
4,2,913.99524
4,38,938.18225
4,39,945.3363
4,17,955.8368
4,81,1001.7914
4,30,1311.912
4,52,1619.2592
4,51,1842.0951
4,24,1935.8628
4,84,2343.2344
4,75,2452.068
4,67,2461.0408
4,9,3104.4485
4,78,3720.0183
4,25,6590.3687
4,3,8780.916
5,6,0.0
5,7,0.0
5,4,0.0
5,5,0.0
5,40,139.51942
5,18,143.27267
5,29,160.92908
5,82,175.31322
5,48,179.56506
5,43,193.36685
5,80,213.98273
5,23,223.84805
5,54,243.06589
5,49,254.87875
5,45,282.68216
5,86,308.0871
5,65,314.40714
5,83,321.7613
5,47,345.02844
5,79,351.1684
5,10,364.06604
5,46,371.08786
5,15,372.36853
5,44,384.1947
5,50,402.18997
5,22,412.89468
5,42,424.8061
5,76,441.05276
5,31,464.83728
5,77,494.55695
5,16,538.1109
5,85,540.3554
5,32,559.0705
5,14,576.1995
5,13,586.72217
5,11,628.37933
5,53,703.53143
5,27,711.57275
5,21,717.1448
5,20,718.0101
5,68,859.4064
5,28,889.7468
5,2,913.99524
5,38,938.18225
5,39,945.3363
5,17,955.8368
5,81,1001.7914
5,30,1311.912
5,52,1619.2592
5,51,1842.0951
5,24,1935.8628
5,84,2343.2344
5,75,2452.068
5,67,2461.0408
5,9,3104.4485
5,78,3720.0183
5,25,6590.3687
5,3,8780.916
6,6,0.0
6,7,0.0
6,4,0.0
6,5,0.0
6,40,139.51942
6,18,143.27267
6,29,160.92908
6,82,175.31322
6,48,179.56506
6,43,193.36685
6,80,213.98273
6,23,223.84805
6,54,243.06589
6,49,254.87875
6,45,282.68216
6,86,308.0871
6,65,314.40714
6,83,321.7613
6,47,345.02844
6,79,351.1684
6,10,364.06604
6,46,371.08786
6,15,372.36853
6,44,384.1947
6,50,402.18997
6,22,412.89468
6,42,424.8061
6,76,441.05276
6,31,464.83728
6,77,494.55695
6,16,538.1109
6,85,540.3554
6,32,559.0705
6,14,576.1995
6,13,586.72217
6,11,628.37933
6,53,703.53143
6,27,711.57275
6,21,717.1448
6,20,718.0101
6,68,859.4064
6,28,889.7468
6,2,913.99524
6,38,938.18225
6,39,945.3363
6,17,955.8368
6,81,1001.7914
6,30,1311.912
6,52,1619.2592
6,51,1842.0951
6,24,1935.8628
6,84,2343.2344
6,75,2452.068
6,67,2461.0408
6,9,3104.4485
6,78,3720.0183
6,25,6590.3687
6,3,8780.916
7,6,0.0
7,7,0.0
7,4,0.0
7,5,0.0
7,40,139.51942
7,18,143.27267
7,29,160.92908
7,82,175.31322
7,48,179.56506
7,43,193.36685
7,80,213.98273
7,23,223.84805
7,54,243.06589
7,49,254.87875
7,45,282.68216
7,86,308.0871
7,65,314.40714
7,83,321.7613
7,47,345.02844
7,79,351.1684
7,10,364.06604
7,46,371.08786
7,15,372.36853
7,44,384.1947
7,50,402.18997
7,22,412.89468
7,42,424.8061
7,76,441.05276
7,31,464.83728
7,77,494.55695
7,16,538.1109
7,85,540.3554
7,32,559.0705
7,14,576.1995
7,13,586.72217
7,11,628.37933
7,53,703.53143
7,27,711.57275
7,21,717.1448
7,20,718.0101
7,68,859.4064
7,28,889.7468
7,2,913.99524
7,38,938.18225
7,39,945.3363
7,17,955.8368
7,81,1001.7914
7,30,1311.912
7,52,1619.2592
7,51,1842.0951
7,24,1935.8628
7,84,2343.2344
7,75,2452.068
7,67,2461.0408
7,9,3104.4485
7,78,3720.0183
7,25,6590.3687
7,3,8780.916
9,9,0.0
9,28,1102.1705
9,24,1157.4141
9,2,1236.7506
9,30,1283.3254
9,14,1384.0657
9,39,1412.9163
9,27,1519.4324
9,38,1622.8418
9,53,1639.2764
9,13,1741.1816
9,50,1953.5349
9,46,2001.8358
9,86,2112.1782
9,31,2166.7874
9,3,2201.6409
9,42,2212.4575
9,47,2284.12
9,79,2323.9163
9,44,2371.146
9,49,2386.1938
9,45,2395.4697
9,76,2396.4688
9,29,2431.2915
9,83,2459.5327
9,43,2529.789
9,15,2630.3384
9,54,2941.2295
9,23,2958.4534
9,18,2982.3647
9,6,3104.4485
9,4,3104.4485
9,5,3104.4485
9,7,3104.4485
9,82,3120.4077
9,48,3183.251
9,80,3270.801
9,32,3374.2825
9,40,3383.527
9,16,3498.8281
9,65,3743.1155
9,77,3863.2715
9,10,4043.37
9,20,4097.208
9,85,4188.4404
9,17,4225.7246
9,22,4227.416
9,68,4287.889
9,11,4316.9927
9,21,4568.9146
9,81,4693.871
9,52,5420.866
9,51,5454.849
9,84,6033.38
9,67,6273.2207
9,75,6390.0654
9,78,7689.4062
9,25,9780.047
10,10,0.0
10,22,134.86548
10,48,162.81866
10,65,165.48682
10,80,198.61575
10,82,204.35925
10,77,217.75253
10,18,244.77608
10,40,263.46106
10,85,307.5754
10,21,341.01703
10,5,364.06604
10,4,364.06604
10,6,364.06604
10,7,364.06604
10,11,404.33624
10,23,410.78036
10,16,412.51892
10,15,414.9308
10,20,416.65414
10,49,421.87775
10,45,457.45825
10,29,464.5255
10,54,483.48645
10,47,514.1873
10,44,531.9077
10,43,553.63654
10,32,571.20233
10,68,614.0112
10,76,618.57794
10,46,656.1938
10,50,691.89685
10,81,711.7858
10,86,724.5796
10,42,737.97644
10,79,743.3179
10,17,749.15247
10,83,761.9197
10,31,866.5665
10,14,1047.4446
10,13,1065.6399
10,53,1079.1669
10,52,1119.71
10,27,1160.0922
10,51,1324.0583
10,2,1465.2587
10,39,1466.0414
10,38,1533.1062
10,28,1559.3358
10,84,1691.7097
10,30,1794.5728
10,67,1911.61
10,75,1928.0967
10,24,2720.3716
10,78,2943.0652
10,9,4043.37
10,25,5659.067
10,3,10118.625
11,11,0.0
11,85,161.77325
11,68,175.13556
11,81,199.32318
11,21,218.0105
11,77,223.7045
11,20,226.37167
11,32,242.95193
11,22,244.5325
11,16,274.06598
11,17,346.70837
11,54,390.69888
11,10,404.33624
11,52,482.6449
11,82,499.8406
11,15,529.75684
11,48,540.3954
11,18,548.04407
11,65,606.28876
11,5,628.37933
11,6,628.37933
11,7,628.37933
11,4,628.37933
11,40,633.1382
11,51,650.91003
11,43,670.079
11,80,754.9619
11,29,780.7788
11,49,853.3681
11,23,870.5364
11,75,932.8253
11,45,968.2629
11,67,1001.44214
11,84,1018.505
11,47,1087.6232
11,13,1087.8318
11,44,1185.7542
11,46,1190.8242
11,86,1219.6852
11,27,1228.587
11,50,1231.6833
11,83,1253.6189
11,76,1280.5735
11,79,1295.803
11,42,1309.1777
11,31,1509.3557
11,14,1542.8761
11,2,1673.1888
11,28,1724.984
11,53,1738.2059
11,78,1840.7831
11,39,2206.023
11,38,2235.7812
11,30,2560.4565
11,24,3424.0815
11,25,4278.2676
11,9,4316.9927
11,3,10620.422
13,13,0.0
13,27,45.712555
13,28,116.66977
13,29,260.05856
13,2,289.28738
13,43,318.44247
13,49,353.4381
13,50,374.02112
13,46,383.30878
13,42,410.6279
13,45,426.3524
13,14,438.77924
13,86,455.54825
13,47,476.38043
13,53,477.4027
13,54,512.3571
13,79,514.2115
13,83,516.23846
13,15,528.9009
13,18,538.6503
13,31,556.01166
13,44,570.56903
13,76,580.8562
13,4,586.72217
13,6,586.72217
13,5,586.72217
13,7,586.72217
13,23,594.91376
13,48,608.06665
13,82,630.65466
13,38,695.5189
13,39,721.33514
13,40,724.5486
13,32,735.70135
13,30,782.4419
13,80,800.90015
13,16,903.5636
13,77,1002.2709
13,10,1065.6398
13,65,1075.4478
13,11,1087.8318
13,85,1121.7761
13,22,1158.747
13,20,1178.1432
13,24,1252.6041
13,68,1259.7166
13,17,1392.269
13,21,1427.5469
13,81,1462.8965
13,9,1741.1816
13,52,2116.1511
13,51,2232.0862
13,84,2833.304
13,75,2871.372
13,67,2895.3645
13,78,4159.177
13,3,6622.834
13,25,6657.068
14,14,6.1035156e-05
14,50,227.58672
14,46,227.97256
14,53,229.1828
14,86,257.27792
14,31,287.43512
14,47,308.53467
14,39,315.41846
14,42,317.41354
14,49,324.64862
14,45,337.6439
14,79,343.41156
14,44,345.42984
14,2,356.30444
14,29,362.32135
14,38,364.3684
14,28,365.32526
14,76,368.08997
14,83,393.09198
14,27,401.53122
14,13,438.77924
14,15,497.85138
14,30,498.26367
14,43,510.7374
14,23,529.70264
14,18,550.567
14,5,576.1995
14,4,576.1995
14,6,576.1995
14,7,576.1995
14,48,614.2674
14,82,615.0857
14,80,619.9208
14,40,712.0751
14,54,745.14197
14,24,884.4666
14,65,912.80615
14,16,1043.709
14,10,1047.4446
14,32,1132.2085
14,77,1161.6428
14,22,1248.9143
14,9,1384.0657
14,85,1398.7524
14,20,1455.3364
14,11,1542.8762
14,21,1635.146
14,17,1679.811
14,68,1700.4219
14,81,1953.8503
14,52,2645.8127
14,51,2818.5684
14,84,3363.5913
14,67,3542.0923
14,75,3617.0378
14,78,4899.314
14,3,5873.403
14,25,7538.1387
15,15,0.0
15,16,136.08867
15,54,212.29141
15,18,248.13141
15,82,274.8066
15,77,300.8493
15,29,320.4937
15,49,337.22784
15,48,340.52747
15,5,372.36853
15,4,372.36853
15,6,372.36853
15,7,372.36853
15,32,404.45435
15,65,406.78632
15,22,407.5586
15,45,411.40448
15,10,414.9308
15,17,444.46545
15,43,445.72858
15,80,457.55756
15,47,458.7174
15,46,467.4367
15,20,475.4552
15,50,490.76678
15,40,497.1942
15,14,497.85138
15,85,505.5039
15,86,521.18207
15,27,524.3016
15,21,525.3778
15,13,528.9009
15,11,529.75684
15,44,539.09814
15,23,547.1341
15,68,579.67505
15,76,622.4342
15,42,633.3319
15,79,663.28973
15,83,687.56683
15,31,738.73016
15,81,751.28235
15,53,794.6961
15,28,834.5313
15,2,873.30334
15,52,1084.8599
15,39,1112.6823
15,38,1191.5272
15,51,1212.6987
15,30,1449.4858
15,84,1580.4105
15,67,1779.698
15,75,1827.5421
15,24,2099.6973
15,9,2630.3386
15,78,2714.413
15,25,4867.0615
15,3,8390.143
16,16,6.1035156e-05
16,17,130.966
16,15,136.08867
16,77,189.3097
16,54,234.44414
16,21,245.03406
16,20,251.97604
16,68,261.47247
16,22,273.81906
16,11,274.06598
16,32,274.38266
16,85,296.5989
16,81,375.56122
16,82,403.93732
16,18,410.41708
16,10,412.51892
16,65,469.3672
16,48,509.44595
16,5,538.1109
16,4,538.1109
16,6,538.1109
16,7,538.1109
16,52,568.56537
16,29,606.38367
16,40,648.5342
16,80,660.8938
16,43,662.43616
16,49,673.3709
16,51,686.32355
16,45,771.5064
16,23,833.54034
16,47,858.55566
16,13,903.5636
16,46,907.8475
16,86,912.9666
16,50,946.9266
16,44,952.06006
16,27,952.7325
16,84,965.77356
16,14,1043.709
16,76,1076.8591
16,79,1086.8108
16,83,1089.728
16,42,1106.0164
16,67,1122.865
16,75,1147.9729
16,31,1252.3203
16,28,1385.1013
16,53,1396.9949
16,2,1430.0037
16,39,1789.8904
16,38,1880.2314
16,78,1893.814
16,30,2212.225
16,24,2973.935
16,9,3498.8281
16,25,3879.9873
16,3,9772.879
17,17,0.0
17,16,130.966
17,68,190.01178
17,21,251.0235
17,81,267.2213
17,20,270.13553
17,52,298.10303
17,11,346.70837
17,77,357.05786
17,51,369.24365
17,85,370.34283
17,32,377.1316
17,15,444.46545
17,22,458.09293
17,54,464.04938
17,84,542.2196
17,67,665.6222
17,75,675.87463
17,10,749.15247
17,82,773.0344
17,18,778.7289
17,65,816.091
17,48,945.7203
17,5,955.83673
17,6,955.83673
17,7,955.83673
17,4,955.83673
17,29,1076.9604
17,40,1077.4579
17,43,1105.658
17,80,1148.776
17,49,1177.6533
17,78,1236.5608
17,45,1288.383
17,23,1386.1658
17,13,1392.269
17,47,1426.5443
17,27,1467.3088
17,46,1475.9133
17,86,1476.6753
17,50,1523.1417
17,44,1537.804
17,79,1653.8064
17,83,1677.0875
17,14,1679.8109
17,76,1705.517
17,42,1765.8928
17,31,1921.2383
17,28,1972.9275
17,2,2057.996
17,53,2107.1538
17,39,2505.6873
17,38,2660.8567
17,25,2960.0872
17,30,3037.8347
17,24,3841.4292
17,9,4225.7246
17,3,10866.727
18,18,0.0
18,82,94.174194
18,48,118.939804
18,29,122.96504
18,4,143.27267
18,6,143.27267
18,5,143.27267
18,7,143.27267
18,40,147.2676
18,80,154.38269
18,49,168.50737
18,45,188.38843
18,43,226.1881
18,54,236.71771
18,65,240.69444
18,10,244.77608
18,15,248.13141
18,23,252.96703
18,47,269.6199
18,44,296.54166
18,79,299.60446
18,46,301.0429
18,22,307.10886
18,50,326.703
18,86,343.1678
18,83,343.35596
18,77,361.83545
18,76,364.71777
18,16,410.41708
18,42,418.26346
18,85,420.64725
18,32,447.6366
18,31,452.4229
18,20,517.2698
18,13,538.6503
18,11,548.04407
18,14,550.567
18,21,552.9867
18,27,626.73486
18,53,658.3607
18,68,681.14777
18,17,778.7289
18,2,833.5244
18,28,835.74603
18,39,874.2258
18,81,881.58215
18,38,970.8264
18,30,1226.8918
18,52,1396.3945
18,51,1546.554
18,24,1924.0585
18,84,1972.6395
18,67,2170.0552
18,75,2170.384
18,9,2982.3647
18,78,3327.672
18,25,5990.5615
18,3,8697.97
20,20,0.0
20,85,88.13669
20,68,115.45676
20,77,131.17636
20,21,175.32193
20,81,183.15292
20,32,196.81262
20,11,226.37167
20,22,245.956
20,16,251.97604
20,17,270.13553
20,52,313.34958
20,51,398.25204
20,10,416.65414
20,54,442.5936
20,82,453.99258
20,15,475.4552
20,65,485.63678
20,18,517.2698
20,48,540.6816
20,40,628.4656
20,84,702.8833
20,80,717.99646
20,5,718.0101
20,6,718.0101
20,7,718.0101
20,4,718.0101
20,43,764.1107
20,67,787.9586
20,29,799.0571
20,49,806.03516
20,75,832.3434
20,23,874.8585
20,45,879.5358
20,47,977.01855
20,44,1040.1133
20,46,1077.4922
20,50,1116.4135
20,86,1132.0543
20,13,1178.1433
20,83,1195.6405
20,76,1200.2478
20,79,1211.2938
20,42,1272.1495
20,27,1310.2039
20,31,1408.7382
20,14,1455.3365
20,78,1573.5985
20,53,1615.834
20,2,1709.5442
20,28,1744.5145
20,39,1983.8014
20,38,2111.7952
20,30,2433.4548
20,24,3233.9148
20,25,3688.6904
20,9,4097.208
20,3,10407.984
21,21,0.00012207031
21,22,88.576935
21,85,165.66809
21,20,175.32193
21,77,180.60413
21,68,199.11053
21,11,218.0105
21,16,245.03406
21,81,246.53241
21,17,251.0235
21,10,341.01703
21,52,385.26947
21,32,431.03848
21,65,466.38538
21,54,506.8626
21,51,523.1519
21,15,525.3778
21,82,531.4155
21,18,552.9867
21,48,615.38806
21,80,688.3932
21,40,708.05334
21,6,717.1448
21,5,717.1448
21,4,717.1448
21,7,717.1448
21,84,741.01434
21,29,885.47736
21,67,907.2789
21,75,912.99445
21,43,942.2147
21,49,963.4302
21,23,1000.0542
21,45,1043.4763
21,47,1136.045
21,44,1198.2637
21,46,1269.987
21,86,1289.2307
21,50,1320.5023
21,76,1348.896
21,79,1391.9872
21,83,1413.1658
21,13,1427.5469
21,42,1469.123
21,27,1533.7927
21,31,1613.1296
21,14,1635.146
21,78,1642.8699
21,53,1875.0442
21,2,2037.8586
21,28,2040.6904
21,39,2289.896
21,38,2391.81
21,30,2751.591
21,24,3654.52
21,25,3863.5618
21,9,4568.9146
21,3,11109.939
22,22,0.0
22,21,88.576935
22,77,130.52023
22,10,134.86548
22,85,167.7095
22,65,224.97214
22,11,244.5325
22,20,245.956
22,16,273.81906
22,82,290.23926
22,18,307.10886
22,48,317.53494
22,80,346.7429
22,68,364.57248
22,40,382.79538
22,54,400.77844
22,15,407.5586
22,5,412.89468
22,4,412.89468
22,6,412.89468
22,7,412.89468
22,81,433.52603
22,32,442.7497
22,17,458.09293
22,29,572.3525
22,23,598.4149
22,49,628.08484
22,43,640.9486
22,45,687.7532
22,52,724.1404
22,47,755.6419
22,44,799.9656
22,46,888.9055
22,86,904.30554
22,51,906.9446
22,76,912.0969
22,50,936.6282
22,79,978.6786
22,83,984.7175
22,42,1017.0574
22,31,1136.3379
22,13,1158.7471
22,14,1248.9143
22,84,1253.3418
22,27,1268.6764
22,53,1403.445
22,67,1415.5422
22,75,1424.5463
22,2,1673.016
22,28,1708.0507
22,39,1806.3545
22,38,1850.2999
22,30,2217.2974
22,78,2343.5784
22,24,3083.8933
22,9,4227.416
22,25,4881.444
22,3,10526.406
23,23,0.0
23,40,123.567245
23,48,131.17377
23,49,172.65846
23,80,182.66058
23,45,187.34657
23,83,190.66254
23,47,196.16779
23,76,199.60638
23,29,200.17867
23,42,205.58203
23,44,207.13284
23,31,216.28522
23,43,222.36453
23,4,223.84805
23,5,223.84805
23,6,223.84805
23,7,223.84805
23,82,246.5966
23,46,250.16235
23,18,252.96703
23,50,263.5036
23,79,311.27414
23,86,328.22974
23,65,377.00873
23,10,410.78036
23,53,415.31705
23,14,529.70264
23,15,547.13403
23,54,548.86945
23,38,583.26636
23,13,594.9137
23,22,598.4149
23,77,600.9741
23,39,686.02625
23,85,690.6277
23,32,717.863
23,27,729.5592
23,2,745.8933
23,16,833.5403
23,28,849.6271
23,11,870.5364
23,20,874.8585
23,30,899.25757
23,21,1000.0542
23,68,1139.921
23,81,1264.6344
23,17,1386.1656
23,24,1455.8175
23,52,1977.543
23,51,2216.1897
23,84,2805.9812
23,67,2872.9526
23,75,2918.5984
23,9,2958.4534
23,78,4242.112
23,25,7228.472
23,3,8234.283
24,24,0.0
24,38,333.94043
24,30,347.0581
24,39,457.50464
24,53,558.65356
24,31,754.0606
24,28,832.84045
24,2,874.1985
24,14,884.4666
24,42,916.9314
24,50,951.5632
24,46,1003.88007
24,83,1056.8545
24,47,1090.3339
24,44,1092.7365
24,76,1092.8044
24,86,1118.9169
24,9,1157.4141
24,79,1175.8494
24,27,1216.5671
24,13,1252.6041
24,45,1257.4707
24,49,1330.0347
24,29,1446.6865
24,23,1455.8176
24,43,1553.0659
24,48,1871.4316
24,80,1903.3412
24,18,1924.0585
24,6,1935.8628
24,5,1935.8628
24,7,1935.8628
24,4,1935.8628
24,40,1963.248
24,82,2001.9514
24,15,2099.6973
24,54,2255.8901
24,65,2386.9497
24,32,2695.3035
24,10,2720.3716
24,77,2886.1023
24,16,2973.935
24,22,3083.8936
24,85,3133.253
24,20,3233.915
24,11,3424.0815
24,68,3637.6494
24,21,3654.52
24,17,3841.4292
24,81,3938.3018
24,3,4082.3997
24,52,4875.9546
24,51,5031.6416
24,84,5727.6885
24,67,5871.5107
24,75,6012.9697
24,78,7531.302
24,25,10343.042
25,25,0.0009765625
25,78,834.8301
25,67,1509.7534
25,84,1554.6279
25,75,1786.1558
25,51,2008.0613
25,52,2243.8484
25,17,2960.0872
25,81,3277.4194
25,68,3349.1963
25,20,3688.6907
25,21,3863.5618
25,16,3879.9875
25,32,4217.357
25,11,4278.2676
25,85,4307.446
25,77,4312.33
25,15,4867.0615
25,22,4881.444
25,54,5116.506
25,10,5659.067
25,65,5824.58
25,82,5855.8984
25,18,5990.5615
25,48,6241.2305
25,29,6586.45
25,5,6590.3687
25,7,6590.3687
25,6,6590.3687
25,4,6590.3687
25,43,6607.9824
25,13,6657.068
25,27,6669.8706
25,49,6699.3022
25,40,6705.073
25,80,6749.7676
25,45,6899.5913
25,47,7063.677
25,46,7172.9766
25,50,7224.922
25,23,7228.4727
25,44,7251.875
25,86,7298.0107
25,14,7538.1387
25,28,7572.5625
25,76,7630.025
25,79,7683.9473
25,83,7695.752
25,42,7706.3477
25,2,7792.4277
25,31,8077.504
25,53,8142.5566
25,39,8715.166
25,38,9043.994
25,30,9372.896
25,9,9780.047
25,24,10343.043
25,3,17556.145
27,27,6.1035156e-05
27,13,45.712555
27,28,102.46393
27,2,275.659
27,29,344.7493
27,14,401.53122
27,49,407.72156
27,50,410.59448
27,46,421.44427
27,43,457.91534
27,42,462.66357
27,53,475.7574
27,45,484.22296
27,86,512.08545
27,47,518.40485
27,15,524.30164
27,79,585.0041
27,54,608.13916
27,44,619.2487
27,31,619.26776
27,18,626.73486
27,76,628.6992
27,83,637.811
27,82,707.4828
27,6,711.57275
27,5,711.57275
27,7,711.57275
27,4,711.57275
27,39,713.02673
27,48,713.39514
27,38,717.3581
27,23,729.5592
27,30,746.95874
27,40,888.43616
27,32,888.5616
27,80,898.1484
27,16,952.7325
27,77,1102.647
27,65,1158.5437
27,10,1160.0923
27,24,1216.5671
27,11,1228.587
27,22,1268.6763
27,85,1286.6956
27,20,1310.2039
27,68,1400.8475
27,17,1467.3088
27,9,1519.4324
27,21,1533.7927
27,81,1633.374
27,52,2255.1743
27,51,2366.7017
27,84,2929.7346
27,75,3042.8462
27,67,3047.813
27,78,4270.48
27,3,6262.3813
27,25,6669.8706
28,28,0.0
28,27,102.46393
28,13,116.66977
28,2,198.67175
28,14,365.32526
28,53,413.534
28,50,425.53687
28,46,445.60333
28,29,455.66168
28,42,500.58005
28,39,503.02948
28,86,518.9303
28,30,520.02277
28,38,527.95154
28,49,533.15784
28,43,563.6081
28,79,565.29425
28,31,568.4391
28,45,575.0744
28,47,598.1621
28,83,611.969
28,44,677.0015
28,76,677.43665
28,24,832.84045
28,15,834.5313
28,18,835.74603
28,23,849.627
28,54,861.46826
28,7,889.7468
28,4,889.7468
28,5,889.7468
28,6,889.7468
28,48,949.7801
28,82,961.18384
28,40,1061.4543
28,80,1096.1852
28,9,1102.1705
28,32,1203.1199
28,16,1385.1013
28,65,1488.2083
28,77,1533.7506
28,10,1559.3358
28,85,1695.9998
28,22,1708.0507
28,11,1724.984
28,20,1744.5144
28,68,1859.1028
28,17,1972.9275
28,21,2040.6904
28,81,2132.7036
28,52,2883.3733
28,51,2991.3499
28,84,3586.362
28,67,3703.9172
28,75,3714.5637
28,78,5075.244
28,3,5389.865
28,25,7572.5625
29,29,3.0517578e-05
29,49,106.15932
29,18,122.96504
29,45,128.31906
29,43,153.38991
29,7,160.92908
29,4,160.92908
29,5,160.92908
29,6,160.92908
29,46,170.02707
29,48,178.5625
29,50,185.66356
29,47,185.7999
29,86,197.81776
29,23,200.17867
29,82,204.28958
29,79,210.25958
29,40,210.79158
29,83,212.97522
29,42,226.95135
29,44,227.2262
29,80,241.62007
29,76,256.7531
29,13,260.05856
29,31,283.02832
29,54,300.1372
29,15,320.4937
29,27,344.7493
29,14,362.32135
29,53,405.33893
29,65,434.30627
29,28,455.66168
29,10,464.5255
29,2,563.8561
29,22,572.3525
29,32,579.4207
29,77,583.0043
29,16,606.38367
29,39,616.6803
29,38,634.6593
29,85,672.96295
29,11,780.7788
29,20,799.05707
29,30,854.52014
29,21,885.47736
29,68,960.4573
29,17,1076.9604
29,81,1159.133
29,24,1446.6865
29,52,1787.2322
29,51,1952.419
29,9,2431.2915
29,84,2473.8694
29,67,2615.1223
29,75,2624.007
29,78,3884.8572
29,25,6586.45
29,3,7828.1753
30,30,0.0
30,53,199.21332
30,39,212.22595
30,38,236.48572
30,24,347.05817
30,42,417.39227
30,31,430.72095
30,50,430.94055
30,46,473.43127
30,14,498.26367
30,76,507.65186
30,2,508.15558
30,44,509.9294
30,28,520.02277
30,47,523.50366
30,83,642.95935
30,86,643.3559
30,45,645.3507
30,79,660.74615
30,49,699.08704
30,27,746.95874
30,13,782.4419
30,29,854.52014
30,23,899.25757
30,43,1004.40173
30,48,1126.9114
30,80,1159.3491
30,18,1226.8918
30,40,1267.8936
30,9,1283.3254
30,82,1297.7542
30,5,1311.912
30,6,1311.912
30,7,1311.912
30,4,1311.912
30,15,1449.4858
30,54,1636.0356
30,65,1688.0342
30,10,1794.5728
30,32,2012.8751
30,77,2072.9521
30,16,2212.225
30,22,2217.2974
30,85,2323.5305
30,20,2433.455
30,11,2560.4563
30,21,2751.591
30,68,2784.2532
30,17,3037.8347
30,81,3078.3518
30,52,3981.2817
30,51,4141.5747
30,84,4761.895
30,3,4806.289
30,67,4947.406
30,75,5056.291
30,78,6525.7607
30,25,9372.896
31,31,0.0
31,83,97.48703
31,42,106.45456
31,50,139.41626
31,46,140.73792
31,53,144.81519
31,44,146.41995
31,47,157.19196
31,38,159.42786
31,76,164.96906
31,79,172.04706
31,45,186.03003
31,86,191.03076
31,23,216.28522
31,49,221.41512
31,39,226.03644
31,29,283.02832
31,14,287.43512
31,43,383.11884
31,48,388.6835
31,80,411.8133
31,30,430.72095
31,40,435.7282
31,18,452.4229
31,6,464.83728
31,4,464.83728
31,7,464.83728
31,5,464.83728
31,82,471.52155
31,2,533.64355
31,13,556.01166
31,28,568.4391
31,27,619.26776
31,65,698.08466
31,15,738.73016
31,24,754.0606
31,54,819.336
31,10,866.5665
31,77,1113.0664
31,22,1136.3379
31,32,1141.4038
31,85,1244.4563
31,16,1252.3203
31,20,1408.738
31,11,1509.3557
31,21,1613.1294
31,68,1748.7378
31,17,1921.2383
31,81,1952.4673
31,9,2166.7874
31,52,2750.215
31,51,2958.0344
31,84,3542.6936
31,67,3689.0676
31,75,3773.5593
31,78,5156.0605
31,3,6903.416
31,25,8077.504
32,32,0.0
32,68,193.55103
32,20,196.81262
32,85,207.363
32,11,242.95193
32,54,264.35956
32,81,272.51874
32,16,274.38266
32,77,274.72632
32,17,377.1316
32,15,404.4543
32,82,410.06494
32,21,431.03848
32,43,442.22824
32,22,442.7497
32,18,447.6366
32,48,481.19257
32,40,550.6129
32,7,559.0705
32,5,559.0705
32,6,559.0705
32,4,559.0705
32,10,571.20233
32,29,579.4207
32,52,597.2854
32,49,617.9099
32,65,631.13696
32,51,681.5348
32,45,703.71484
32,23,717.863
32,13,735.70135
32,80,739.7849
32,47,819.4787
32,46,843.1621
32,50,868.71094
32,86,881.1639
32,27,888.5616
32,83,905.2541
32,44,905.6714
32,79,949.65875
32,75,1012.36847
32,42,1023.7719
32,76,1024.9678
32,67,1026.5472
32,84,1114.606
32,14,1132.2085
32,31,1141.4038
32,2,1184.6936
32,28,1203.1199
32,53,1311.1606
32,39,1629.9875
32,38,1713.6831
32,78,1965.6831
32,30,2012.875
32,24,2695.3035
32,9,3374.2825
32,25,4217.357
32,3,9323.453
38,38,0.0
38,53,143.737
38,31,159.42786
38,39,177.09656
38,30,236.48572
38,42,269.52875
38,24,333.9405
38,50,342.12836
38,83,344.62955
38,46,362.81195
38,14,364.3684
38,86,400.552
38,76,401.3119
38,44,411.03793
38,47,417.0048
38,79,439.53125
38,45,507.94962
38,28,527.95154
38,2,538.32855
38,49,554.78424
38,23,583.26636
38,29,634.6593
38,13,695.5189
38,27,717.3581
38,43,739.1196
38,48,879.8999
38,80,896.7683
38,4,938.18225
38,5,938.18225
38,6,938.18225
38,7,938.18225
38,40,967.0603
38,18,970.8264
38,82,991.6704
38,15,1191.5273
38,65,1288.229
38,54,1324.9102
38,10,1533.1062
38,9,1622.8418
38,32,1713.6832
38,77,1762.949
38,22,1850.2998
38,16,1880.2314
38,85,1950.147
38,20,2111.7952
38,11,2235.7812
38,21,2391.81
38,68,2495.081
38,17,2660.8567
38,81,2710.0818
38,52,3604.0005
38,51,3802.0269
38,84,4454.4844
38,67,4581.835
38,75,4703.8247
38,3,5612.9404
38,78,6155.0293
38,25,9043.993
39,39,0.0
39,38,177.09656
39,53,187.33502
39,30,212.22595
39,31,226.03644
39,50,263.2016
39,46,284.49756
39,14,315.41846
39,79,328.75452
39,44,341.3279
39,42,354.1332
39,47,368.7844
39,86,370.37598
39,83,376.8621
39,76,386.90985
39,45,417.8652
39,24,457.50458
39,49,490.1786
39,28,503.02948
39,2,521.888
39,29,616.6803
39,23,686.02625
39,27,713.02673
39,13,721.33514
39,43,744.5492
39,80,865.84314
39,48,866.01215
39,18,874.2258
39,82,902.97656
39,40,945.23114
39,7,945.33636
39,4,945.33636
39,5,945.33636
39,6,945.33636
39,15,1112.6821
39,54,1230.14
39,65,1248.4972
39,9,1412.9163
39,10,1466.0414
39,32,1629.9877
39,77,1704.1658
39,16,1789.8904
39,22,1806.3545
39,85,1868.293
39,20,1983.8013
39,11,2206.0227
39,21,2289.896
39,68,2353.1584
39,17,2505.6873
39,81,2630.275
39,52,3462.8752
39,51,3621.7603
39,84,4175.555
39,67,4393.8027
39,75,4505.032
39,3,5410.155
39,78,5909.038
39,25,8715.166
40,40,0.0
40,48,101.90697
40,23,123.567245
40,4,139.51942
40,6,139.51942
40,7,139.51942
40,5,139.51942
40,80,139.78706
40,18,147.2676
40,82,166.92944
40,29,210.79158
40,49,219.84828
40,43,230.56653
40,45,233.9283
40,10,263.46106
40,65,273.7456
40,47,291.799
40,83,299.53473
40,44,307.00214
40,76,353.34888
40,46,353.5631
40,79,360.75708
40,50,379.65167
40,22,382.79538
40,54,388.53766
40,86,400.44635
40,42,411.87695
40,31,435.7282
40,77,435.76123
40,85,460.56018
40,15,497.1942
40,32,550.6129
40,20,628.46564
40,11,633.1382
40,16,648.5342
40,53,699.9335
40,21,708.05334
40,14,712.0751
40,13,724.54865
40,68,820.68677
40,27,888.43616
40,39,945.23114
40,38,967.0603
40,81,968.2942
40,2,1003.6259
40,28,1061.4543
40,17,1077.4579
40,30,1267.8934
40,52,1601.6309
40,51,1823.4413
40,24,1963.248
40,84,2325.7122
40,75,2433.6265
40,67,2437.627
40,9,3383.527
40,78,3718.1614
40,25,6705.073
40,3,9035.161
42,42,0.0
42,47,101.51367
42,31,106.45456
42,44,115.11902
42,50,115.13399
42,53,121.88022
42,46,122.19806
42,83,147.7796
42,76,150.34879
42,45,154.73636
42,49,163.40471
42,86,178.0588
42,23,205.58203
42,29,226.95135
42,79,244.84674
42,38,269.52878
42,48,298.4193
42,14,317.41354
42,43,325.42957
42,39,354.1332
42,80,389.35785
42,13,410.6279
42,40,411.87695
42,30,417.39224
42,18,418.26346
42,5,424.8061
42,4,424.8061
42,6,424.8061
42,7,424.8061
42,82,430.5357
42,27,462.66357
42,28,500.58005
42,2,504.38153
42,15,633.3319
42,65,651.1315
42,10,737.97644
42,54,737.99567
42,24,916.9314
42,77,953.0919
42,22,1017.0574
42,32,1023.77185
42,16,1106.0162
42,85,1128.3903
42,20,1272.1494
42,11,1309.1777
42,21,1469.1229
42,68,1592.4238
42,81,1765.6421
42,17,1765.8928
42,9,2212.4575
42,52,2511.7756
42,51,2711.1985
42,84,3331.8298
42,67,3452.8726
42,75,3530.6995
42,78,4864.168
42,3,7036.749
42,25,7706.3477
43,43,0.0
43,29,153.38991
43,4,193.36685
43,5,193.36685
43,6,193.36685
43,7,193.36685
43,49,197.85583
43,48,215.39737
43,23,222.36453
43,18,226.1881
43,45,226.59023
43,40,230.56653
43,82,257.77948
43,83,259.55997
43,46,279.2841
43,86,290.77484
43,50,294.05743
43,54,303.42682
43,47,310.0091
43,79,314.52475
43,13,318.44247
43,42,325.42957
43,44,360.04813
43,80,366.6494
43,76,381.33368
43,31,383.11884
43,32,442.22824
43,15,445.7286
43,27,457.91534
43,14,510.7374
43,65,533.225
43,53,548.0309
43,10,553.6365
43,28,563.6081
43,2,573.13806
43,77,606.5331
43,85,609.7682
43,22,640.9486
43,16,662.43616
43,11,670.079
43,38,739.1196
43,39,744.5492
43,20,764.1107
43,68,884.2144
43,21,942.21466
43,30,1004.4018
43,81,1044.3993
43,17,1105.658
43,24,1553.0659
43,52,1706.7344
43,51,1884.8513
43,84,2445.6978
43,75,2476.7253
43,67,2493.249
43,9,2529.789
43,78,3806.4617
43,25,6607.983
43,3,7802.228
44,44,0.0
44,47,14.594055
44,45,62.505096
44,46,64.94321
44,50,64.99248
44,76,90.482574
44,49,97.81816
44,42,115.11902
44,31,146.41995
44,83,186.16504
44,53,188.27359
44,79,192.85434
44,48,197.71764
44,86,203.79276
44,23,207.13284
44,29,227.2262
44,80,241.1589
44,82,286.87134
44,18,296.54166
44,40,307.00214
44,39,341.3279
44,14,345.42984
44,43,360.04813
44,4,384.1947
44,6,384.1947
44,5,384.1947
44,7,384.1947
44,38,411.03793
44,65,453.28806
44,30,509.9294
44,10,531.9077
44,15,539.09814
44,13,570.56903
44,27,619.24866
44,2,643.9337
44,54,644.64526
44,28,677.00146
44,77,759.04346
44,22,799.9656
44,32,905.6714
44,85,928.7975
44,16,952.06006
44,20,1040.1132
44,24,1092.7365
44,11,1185.7542
44,21,1198.2637
44,68,1361.8314
44,17,1537.8038
44,81,1564.4515
44,52,2226.3555
44,9,2371.1462
44,51,2402.7097
44,84,2928.1367
44,67,3117.6099
44,75,3201.904
44,78,4455.8413
44,25,7251.875
44,3,7370.1567
45,45,0.0
45,49,15.97728
45,46,41.49652
45,50,50.439804
45,47,52.434906
45,44,62.505096
45,76,127.50552
45,29,128.31906
45,48,134.56514
45,79,138.19406
45,42,154.73636
45,86,180.41125
45,83,180.66724
45,31,186.03003
45,23,187.34657
45,18,188.38843
45,82,196.02286
45,43,226.59023
45,80,226.7062
45,40,233.9283
45,53,249.50488
45,7,282.68216
45,4,282.68216
45,5,282.68216
45,6,282.68216
45,14,337.6439
45,15,411.4045
45,39,417.8652
45,65,423.77496
45,13,426.3524
45,10,457.45825
45,54,463.78336
45,27,484.22296
45,38,507.94962
45,2,557.7218
45,28,575.0744
45,30,645.3507
45,77,651.28357
45,22,687.7532
45,32,703.71484
45,16,771.5064
45,85,782.50757
45,20,879.5358
45,11,968.2629
45,21,1043.4763
45,68,1138.9749
45,24,1257.4707
45,17,1288.383
45,81,1342.1161
45,52,1998.4703
45,51,2157.189
45,9,2395.4697
45,84,2664.1719
45,67,2836.4912
45,75,2886.0356
45,78,4135.942
45,25,6899.5913
45,3,7594.208
46,46,0.0
46,50,3.748642
46,45,41.49652
46,47,52.550323
46,49,57.629654
46,44,64.94321
46,42,122.19806
46,76,131.0781
46,31,140.73792
46,86,147.55109
46,53,152.69855
46,79,155.92953
46,29,170.02707
46,83,176.702
46,14,227.97256
46,48,248.52792
46,23,250.16235
46,43,279.2841
46,39,284.49756
46,18,301.0429
46,82,315.90967
46,80,333.3416
46,40,353.5631
46,38,362.81195
46,6,371.08786
46,7,371.08786
46,4,371.08786
46,5,371.08786
46,13,383.30878
46,27,421.44427
46,2,442.29678
46,28,445.60333
46,15,467.4367
46,30,473.43127
46,54,558.26166
46,65,577.6392
46,10,656.1938
46,77,815.8063
46,32,843.1621
46,22,888.90546
46,16,907.84753
46,85,984.89655
46,24,1003.88007
46,20,1077.4922
46,11,1190.8242
46,21,1269.9872
46,68,1350.5619
46,17,1475.9132
46,81,1563.9595
46,9,2001.8358
46,52,2247.7183
46,51,2408.3472
46,84,2946.6528
46,67,3115.0303
46,75,3180.6567
46,78,4451.206
46,3,6942.8535
46,25,7172.9766
47,47,0.0
47,44,14.594055
47,45,52.434906
47,46,52.550323
47,50,52.9106
47,49,70.511826
47,76,98.38809
47,42,101.51367
47,31,157.19196
47,53,175.90091
47,48,179.7396
47,29,185.7999
47,86,189.52832
47,83,191.33383
47,23,196.16779
47,79,208.60004
47,80,248.90648
47,82,267.0313
47,18,269.6199
47,40,291.799
47,14,308.53467
47,43,310.0091
47,4,345.02844
47,5,345.02844
47,6,345.02844
47,7,345.02844
47,39,368.7844
47,38,417.0048
47,65,434.7634
47,15,458.7174
47,13,476.38043
47,10,514.1873
47,27,518.4049
47,30,523.50366
47,54,565.29315
47,2,569.6787
47,28,598.1621
47,77,699.74963
47,22,755.64185
47,32,819.47864
47,16,858.55566
47,85,879.59814
47,20,977.01855
47,11,1087.6232
47,24,1090.3339
47,21,1136.045
47,68,1274.7582
47,17,1426.5443
47,81,1474.35
47,52,2111.1628
47,9,2284.12
47,51,2284.877
47,84,2825.9497
47,67,2994.3623
47,75,3067.9937
47,78,4309.956
47,25,7063.677
47,3,7287.4395
48,48,0.0
48,82,91.442154
48,40,101.90697
48,18,118.939804
48,80,120.0437
48,49,122.43599
48,23,131.17377
48,45,134.56514
48,10,162.81866
48,29,178.5625
48,7,179.56506
48,5,179.56506
48,4,179.56506
48,6,179.56506
48,47,179.7396
48,44,197.71764
48,65,205.71112
48,43,215.39737
48,46,248.52792
48,76,262.80212
48,50,269.9613
48,42,298.4193
48,83,306.14682
48,22,317.53494
48,77,318.24997
48,15,340.5275
48,79,345.6532
48,86,346.83817
48,54,356.2669
48,31,388.6835
48,85,409.60214
48,32,481.19254
48,16,509.44595
48,11,540.3954
48,20,540.68164
48,53,562.1124
48,13,608.06665
48,14,614.26733
48,21,615.38806
48,27,713.39514
48,68,760.1094
48,39,866.0122
48,38,879.8999
48,2,882.08826
48,81,883.973
48,17,945.72034
48,28,949.78015
48,30,1126.9114
48,52,1451.4617
48,51,1642.6396
48,24,1871.4316
48,84,2132.705
48,67,2264.1135
48,75,2302.2896
48,9,3183.251
48,78,3457.1028
48,25,6241.23
48,3,8818.89
49,49,0.0
49,45,15.97728
49,46,57.629654
49,50,66.98834
49,47,70.511826
49,44,97.81816
49,29,106.15932
49,48,122.43599
49,76,156.95625
49,42,163.40471
49,18,168.50737
49,79,169.13475
49,23,172.65846
49,82,176.25569
49,43,197.85583
49,86,201.97331
49,83,212.036
49,40,219.84828
49,31,221.41512
49,80,227.56395
49,4,254.87875
49,7,254.87875
49,6,254.87875
49,5,254.87875
49,53,266.95355
49,14,324.64862
49,15,337.22784
49,13,353.4381
49,54,397.7923
49,27,407.72156
49,10,421.87775
49,65,424.6336
49,39,490.1786
49,2,502.1927
49,28,533.15784
49,38,554.78424
49,77,578.76935
49,32,617.9099
49,22,628.08484
49,16,673.3709
49,30,699.08704
49,85,718.33514
49,20,806.0352
49,11,853.3681
49,21,963.4302
49,68,1034.1964
49,17,1177.6532
49,81,1223.464
49,24,1330.0348
49,52,1867.546
49,51,2031.5951
49,9,2386.1938
49,84,2543.311
49,67,2692.4067
49,75,2726.7095
49,78,3965.2761
49,25,6699.3022
49,3,7619.4297
50,50,0.0
50,46,3.748642
50,45,50.439804
50,47,52.9106
50,44,64.99248
50,49,66.98834
50,42,115.13399
50,76,127.15785
50,53,134.70695
50,31,139.41624
50,86,161.36708
50,79,166.83543
50,83,178.49663
50,29,185.66356
50,14,227.58672
50,39,263.2016
50,23,263.5036
50,48,269.9613
50,43,294.05743
50,18,326.703
50,38,342.12836
50,82,347.82874
50,80,361.29346
50,13,374.02112
50,40,379.65167
50,6,402.18994
50,4,402.18994
50,5,402.18994
50,7,402.18994
50,27,410.59448
50,2,425.333
50,28,425.53687
50,30,430.94055
50,15,490.76678
50,54,588.4472
50,65,617.53485
50,10,691.89685
50,77,849.44135
50,32,868.711
50,22,936.62823
50,16,946.9266
50,24,951.5632
50,85,1026.5677
50,20,1116.4133
50,11,1231.6832
50,21,1320.5022
50,68,1390.5901
50,17,1523.1416
50,81,1606.8826
50,9,1953.5348
50,52,2298.0845
50,51,2453.2063
50,84,2999.643
50,67,3166.268
50,75,3232.4214
50,78,4506.5635
50,3,6838.5273
50,25,7224.9224
51,51,0.00024414062
51,52,50.914795
51,67,212.93005
51,84,232.14648
51,75,259.4215
51,68,330.44543
51,81,337.20312
51,17,369.24365
51,20,398.25208
51,21,523.1519
51,78,568.1592
51,85,621.5135
51,11,650.91003
51,32,681.5348
51,16,686.32355
51,77,689.93774
51,22,906.9446
51,54,1199.2919
51,15,1212.6987
51,10,1324.0583
51,65,1448.4307
51,82,1472.9325
51,18,1546.554
51,48,1642.6396
51,40,1823.4414
51,7,1842.0951
51,6,1842.0951
51,5,1842.0951
51,4,1842.0951
51,43,1884.8513
51,80,1938.8539
51,29,1952.419
51,25,2008.0613
51,49,2031.5951
51,45,2157.1887
51,23,2216.1897
51,13,2232.086
51,47,2284.877
51,27,2366.7017
51,44,2402.7097
51,46,2408.3472
51,50,2453.206
51,86,2477.931
51,76,2623.534
51,83,2659.3599
51,79,2665.0444
51,42,2711.1982
51,14,2818.5684
51,31,2958.0344
51,28,2991.35
51,2,3055.8403
51,53,3145.7285
51,39,3621.7603
51,38,3802.0269
51,30,4141.5747
51,24,5031.6416
51,9,5454.8486
51,3,12341.176
52,52,0.0
52,51,50.914795
52,81,215.35754
52,67,226.58362
52,68,240.69641
52,75,258.23718
52,84,261.70654
52,17,298.10303
52,20,313.3496
52,21,385.26947
52,85,476.24908
52,11,482.6449
52,77,555.8535
52,16,568.56537
52,32,597.2854
52,78,632.4822
52,22,724.1404
52,54,1050.2181
52,15,1084.8599
52,10,1119.71
52,65,1262.3381
52,82,1300.7609
52,18,1396.3945
52,48,1451.4617
52,40,1601.6309
52,7,1619.2593
52,6,1619.2593
52,5,1619.2593
52,4,1619.2593
52,43,1706.7344
52,80,1725.1605
52,29,1787.2322
52,49,1867.546
52,23,1977.543
52,45,1998.4703
52,47,2111.1628
52,13,2116.1511
52,44,2226.3555
52,25,2243.8484
52,46,2247.7183
52,27,2255.1743
52,50,2298.0845
52,86,2298.308
52,76,2433.9812
52,83,2456.3638
52,79,2485.1294
52,42,2511.7756
52,14,2645.8127
52,31,2750.215
52,28,2883.3735
52,2,2914.0957
52,53,2967.9873
52,39,3462.8752
52,38,3604.0005
52,30,3981.2817
52,24,4875.9546
52,9,5420.866
52,3,12265.463
53,53,0.00012207031
53,42,121.88022
53,50,134.70697
53,38,143.737
53,31,144.81519
53,46,152.69855
53,47,175.90091
53,39,187.33502
53,44,188.27359
53,30,199.21332
53,76,225.9964
53,14,229.1828
53,45,249.50488
53,86,261.2992
53,49,266.95355
53,83,284.72202
53,79,320.2713
53,2,400.53967
53,29,405.33893
53,28,413.534
53,23,415.31705
53,27,475.7574
53,13,477.4027
53,43,548.0309
53,24,558.65356
53,48,562.1124
53,80,614.7101
53,18,658.3607
53,82,673.3369
53,40,699.9335
53,7,703.53143
53,4,703.53143
53,5,703.53143
53,6,703.53143
53,15,794.69617
53,65,940.4414
53,54,986.4746
53,10,1079.167
53,77,1282.6746
53,32,1311.1608
53,16,1396.9949
53,22,1403.4448
53,85,1517.997
53,20,1615.834
53,9,1639.2764
53,11,1738.2059
53,21,1875.0441
53,68,1973.0046
53,17,2107.1538
53,81,2186.7598
53,52,2967.9873
53,51,3145.7285
53,84,3769.7158
53,67,3902.7012
53,75,4009.329
53,78,5354.3657
53,3,5963.527
53,25,8142.5566
54,54,0.0
54,15,212.29141
54,16,234.44414
54,18,236.71771
54,4,243.06589
54,6,243.06589
54,7,243.06589
54,5,243.06589
54,32,264.35956
54,82,272.94937
54,29,300.1372
54,43,303.42682
54,48,356.2669
54,77,357.83203
54,85,382.04276
54,40,388.53766
54,11,390.69888
54,49,397.7923
54,22,400.77844
54,20,442.5936
54,68,446.63113
54,45,463.78336
54,17,464.04938
54,10,483.48648
54,65,487.8131
54,21,506.8626
54,80,509.78793
54,13,512.3571
54,86,536.4657
54,23,548.86945
54,46,558.26166
54,47,565.29315
54,81,575.3892
54,50,588.44714
54,27,608.13916
54,79,623.14966
54,83,625.2525
54,44,644.64526
54,42,737.9957
54,14,745.14197
54,76,750.3937
54,31,819.33594
54,28,861.46826
54,2,951.2501
54,53,986.4746
54,52,1050.2181
54,51,1199.2919
54,39,1230.14
54,38,1324.9102
54,84,1576.4059
54,30,1636.0358
54,75,1657.6531
54,67,1694.5796
54,24,2255.8904
54,78,2732.342
54,9,2941.2295
54,25,5116.506
54,3,8812.95
65,65,0.0
65,10,165.48682
65,82,181.83772
65,48,205.71112
65,80,206.58633
65,22,224.97214
65,18,240.69444
65,40,273.7456
65,77,286.17395
65,5,314.40714
65,4,314.40714
65,6,314.40714
65,7,314.40714
65,85,374.33603
65,23,377.00873
65,15,406.78632
65,45,423.77496
65,49,424.6336
65,29,434.30627
65,47,434.7634
65,44,453.28806
65,21,466.38538
65,16,469.3672
65,20,485.63678
65,54,487.8131
65,43,533.225
65,76,565.1869
65,86,569.2052
65,46,577.6392
65,11,606.28876
65,83,615.8169
65,50,617.5349
65,32,631.13696
65,42,651.1315
65,79,651.9342
65,31,698.08466
65,68,772.3251
65,17,816.091
65,81,899.88293
65,14,912.80615
65,53,940.4414
65,13,1075.4478
65,27,1158.5437
65,39,1248.4972
65,52,1262.3381
65,38,1288.229
65,2,1444.6802
65,51,1448.4307
65,28,1488.2084
65,30,1688.034
65,84,1891.1367
65,67,2087.4087
65,75,2158.4243
65,24,2386.9497
65,78,3154.1396
65,9,3743.1157
65,25,5824.5806
65,3,9706.88
67,67,0.0
67,75,55.358887
67,51,212.93005
67,78,217.82166
67,52,226.58362
67,84,265.21716
67,81,507.40588
67,68,574.0325
67,17,665.6222
67,20,787.9586
67,21,907.2789
67,11,1001.44214
67,85,1017.89984
67,32,1026.5472
67,16,1122.865
67,77,1165.9043
67,22,1415.5422
67,25,1509.7533
67,54,1694.5796
67,15,1779.698
67,10,1911.61
67,82,2061.8076
67,65,2087.4087
67,18,2170.0552
67,48,2264.1135
67,40,2437.6272
67,5,2461.0405
67,7,2461.0405
67,6,2461.0405
67,4,2461.0405
67,43,2493.249
67,80,2600.4534
67,29,2615.122
67,49,2692.4067
67,45,2836.491
67,23,2872.9526
67,13,2895.3645
67,47,2994.3623
67,27,3047.813
67,46,3115.0303
67,44,3117.6099
67,86,3161.9558
67,50,3166.268
67,83,3320.8865
67,79,3339.1191
67,76,3357.0747
67,42,3452.8726
67,14,3542.0923
67,31,3689.0679
67,28,3703.9175
67,2,3750.192
67,53,3902.7012
67,39,4393.8027
67,38,4581.835
67,30,4947.406
67,24,5871.5103
67,9,6273.2207
67,3,13292.274
68,68,0.0
68,81,88.648926
68,20,115.45676
68,85,171.91632
68,11,175.13556
68,17,190.01178
